-10.0 286.42528920206894
-9.97997997997998 295.68909088838876
-9.95995995995996 305.1168472604927
-9.93993993993994 314.7091129903152
-9.91991991991992 324.4664267934516
-9.8998998998999 334.3893110340227
-9.87987987987988 344.4782713257224
-9.85985985985986 354.7337961280574
-9.83983983983984 365.15635633842925
-9.81981981981982 375.746404879922
-9.7997997997998 386.50437628468825
-9.77977977977978 397.4306862731988
-9.75975975975976 408.52573132917144
-9.73973973973974 419.7898882702326
-9.71971971971972 431.2235138144817
-9.6996996996997 442.8269441430328
-9.67967967967968 454.600494458262
-9.65965965965966 466.54445853785273
-9.63963963963964 478.65910828535294
-9.61961961961962 490.9446932763634
-9.5995995995996 503.40144030079495
-9.57957957957958 516.0295529014073
-9.55955955955956 528.8292109085774
-9.53953953953954 541.8005699711742
-9.51951951951952 554.9437610838072
-9.4994994994995 568.258890110451
-9.47947947947948 581.746037304696
-9.45945945945946 595.4052568260993
-9.43943943943944 609.2365762536466
-9.41941941941942 623.2399960954307
-9.3993993993994 637.4154892955182
-9.37937937937938 651.7630007372027
-9.35935935935936 666.2824467436939
-9.33933933933934 680.9737145753496
-9.31931931931932 695.8366619244513
-9.2992992992993 710.8711164069492
-9.27927927927928 726.0768750517059
-9.25925925925926 741.4537037870167
-9.23923923923924 757.0013369247921
-9.21921921921922 772.719476642593
-9.1991991991992 788.6077924630965
-9.17917917917918 804.6659207318172
-9.15915915915916 820.8934640927498
-9.13913913913914 837.289990962089
-9.11911911911912 853.8550350007625
-9.0990990990991 870.5880945848633
-9.07907907907908 887.4886322750936
-9.05905905905906 904.5560742846334
-9.03903903903904 921.7898099467872
-9.01901901901902 939.1891911805047
-8.998998998999 956.7535319564103
-8.97897897897898 974.4821077614729
-8.95895895895896 992.3741550634863
-8.93893893893894 1010.4288707758684
-8.91891891891892 1028.6454117218047
-8.8988988988989 1047.0228940990628
-8.87887887887888 1065.5603929447993
-8.85885885885886 1084.2569416015647
-8.83883883883884 1103.1115311839096
-8.81881881881882 1122.1231100455761
-8.7987987987988 1141.2905832486924
-8.77877877877878 1160.612812034116
-8.75875875875876 1180.0886132936048
-8.73873873873874 1199.716759043757
-8.71871871871872 1219.4959759027702
-8.6986986986987 1239.4249445688934
-8.67867867867868 1259.5022993022308
-8.65865865865866 1279.7266274094338
-8.63863863863864 1300.0964687315302
-8.618618618618619 1320.61031513546
-8.598598598598599 1341.2666100094389
-8.578578578578579 1362.0637477623789
-8.558558558558559 1383.0000733278628
-8.538538538538539 1404.0738816729674
-8.518518518518519 1425.2834173117167
-8.498498498498499 1446.626873824486
-8.478478478478479 1468.1023933824533
-8.458458458458459 1489.7080662789017
-8.438438438438439 1511.4419304658463
-8.418418418418419 1533.3019710984547
-8.398398398398399 1555.2861200855557
-8.378378378378379 1577.3922556483635
-8.358358358358359 1599.618201886247
-8.338338338338339 1621.9617283512532
-8.318318318318319 1644.420549630643
-8.298298298298299 1666.992324938874
-8.278278278278279 1689.674657718093
-8.258258258258259 1712.4650952493237
-8.238238238238239 1735.3611282725317
-8.218218218218219 1758.3601906183724
-8.198198198198199 1781.4596588500285
-8.178178178178179 1804.6568519166894
-8.158158158158159 1827.9490308184668
-8.138138138138139 1851.3333982842214
-8.118118118118119 1874.8070984611077
-8.098098098098099 1898.367216617884
-8.078078078078079 1922.0107788612343
-8.058058058058059 1945.734751866681
-8.038038038038039 1969.5360426230686
-8.018018018018019 1993.4114981928935
-7.997997997997998 2017.3579054873255
-7.977977977977978 2041.3719910576401
-7.957957957957958 2065.4504209024362
-7.937937937937938 2089.5898002922936
-7.917917917917918 2113.7866736111264
-7.897897897897898 2138.0375242163714
-7.877877877877878 2162.338774316263
-7.857857857857858 2186.6867848672005
-7.837837837837838 2211.0778554896638
-7.817817817817818 2235.5082244044297
-7.797797797797798 2259.974068389332
-7.777777777777778 2284.4715027565994
-7.757757757757758 2308.996581352285
-7.737737737737738 2333.5452965771115
-7.717717717717718 2358.11357943027
-7.697697697697698 2382.697299576807
-7.677677677677678 2407.292265437677
-7.657657657657658 2431.8942243049037
-7.637637637637638 2456.498862481385
-7.617617617617618 2481.1018054458377
-7.597597597597598 2505.6986180439953
-7.5775775775775776 2530.284804706058
-7.5575575575575575 2554.8558096912807
-7.5375375375375375 2579.407017360429
-7.5175175175175175 2603.9337524760263
-7.4974974974974975 2628.4312805319823
-7.4774774774774775 2652.8948081116496
-7.4574574574574575 2677.3194832771132
-7.4374374374374375 2701.7003959876974
-7.4174174174174174 2726.0325785502664
-7.397397397397397 2750.3110061010775
-7.377377377377377 2774.530597119669
-7.357357357357357 2798.6862139755076
-7.337337337337337 2822.7726635085146
-7.317317317317317 2846.784697642442
-7.297297297297297 2870.717014033875
-7.277277277277277 2894.564256755529
-7.257257257257257 2918.321017015327
-7.237237237237237 2941.9818339114304
-7.217217217217217 2965.5411952244813
-7.197197197197197 2988.9935382462986
-7.177177177177177 3012.3332506469956
-7.157157157157157 3035.5546713797476
-7.137137137137137 3058.6520916250206
-7.117117117117117 3081.6197557733717
-7.097097097097097 3104.4518624486745
-7.077077077077077 3127.142565571394
-7.057057057057057 3149.6859754623965
-7.037037037037037 3172.0761599886123
-7.017017017017017 3194.307145749846
-6.996996996996997 3216.3729193082154
-6.976976976976977 3238.267428459889
-6.956956956956957 3259.9845835501887
-6.936936936936937 3281.5182588318003
-6.916916916916917 3302.862293867457
-6.896896896896897 3324.010494976253
-6.876876876876877 3344.9566367250877
-6.856856856856857 3365.694463464957
-6.836836836836837 3386.2176909126056
-6.816816816816817 3406.5200077778873
-6.796796796796797 3426.595077437238
-6.776776776776776 3446.4365396533813
-6.756756756756756 3466.0380123413725
-6.736736736736736 3485.393093381929
-6.716716716716716 3504.4953624815453
-6.696696696696696 3523.3383830797343
-6.676676676676676 3541.9157043041027
-6.656656656656656 3560.22086297262
-6.636636636636636 3578.247385644153
-6.616616616616616 3595.988790716231
-6.596596596596596 3613.43859057137
-6.576576576576576 3630.590293771185
-6.556556556556556 3647.4374072983323
-6.536536536536536 3663.9734388469524
-6.516516516516516 3680.1918991608586
-6.496496496496496 3696.086304419874
-6.476476476476476 3711.6501786738413
-6.456456456456456 3726.8770563248377
-6.436436436436436 3741.760484656619
-6.416416416416416 3756.294026411807
-6.396396396396396 3770.471262416199
-6.376376376376376 3784.285794250052
-6.356356356356356 3797.7312469663398
-6.336336336336336 3810.8012718549357
-6.316316316316316 3823.4895492533915
-6.296296296296296 3835.7897914028404
-6.276276276276276 3847.695745349399
-6.256256256256256 3859.2011958901567
-6.236236236236236 3870.2999685635104
-6.216216216216216 3880.985932682889
-6.196196196196196 3891.2530044136224
-6.176176176176176 3901.095149892291
-6.156156156156156 3910.506388387614
-6.136136136136136 3919.4807955022984
-6.116116116116116 3928.0125064150516
-6.096096096096096 3936.0957191620096
-6.076076076076076 3943.7246979564934
-6.056056056056056 3950.893776546261
-6.036036036036036 3957.5973616075044
-6.016016016016016 3963.829936174068
-5.995995995995996 3969.586063101341
-5.975975975975976 3974.860388563305
-5.955955955955956 3979.6476455818474
-5.935935935935936 3983.942657586783
-5.915915915915916 3987.740342005674
-5.895895895895896 3991.035713881782
-5.875875875875876 3993.823889518975
-5.8558558558558556 3996.100090152011
-5.8358358358358355 3997.859645640776
-5.8158158158158155 3999.0979981868886
-5.7957957957957955 3999.810706071054
-5.7757757757757755 3999.9934474094803
-5.7557557557557555 3999.642023927684
-5.7357357357357355 3998.7523647498538
-5.7157157157157155 3997.320530201938
-5.6956956956956954 3995.342715626591
-5.675675675675675 3992.8152552079823
-5.655655655655655 3989.7346258044645
-5.635635635635635 3986.097450787071
-5.615615615615615 3981.9005038816563
-5.595595595595595 3977.1407130125262
-5.575575575575575 3971.8151641453255
-5.555555555555555 3965.921105126846
-5.535535535535535 3959.455949519471
-5.515515515515515 3952.4172804276855
-5.495495495495495 3944.802854314442
-5.475475475475475 3936.6106048045813
-5.455455455455455 3927.8386464728887
-5.435435435435435 3918.4852786140927
-5.415415415415415 3908.5489889922887
-5.395395395395395 3898.0284575665123
-5.375375375375375 3886.922560190488
-5.355355355355355 3875.2303722829506
-5.335335335335335 3862.951172466041
-5.315315315315315 3850.0844461687198
-5.295295295295295 3836.629889192243
-5.275275275275275 3822.5874112344654
-5.255255255255255 3807.9571393701717
-5.235235235235235 3792.7394214841506
-5.215215215215215 3776.9348296535845
-5.195195195195195 3760.5441634770254
-5.175175175175175 3743.5684533462245
-5.155155155155155 3726.008963657868
-5.135135135135135 3707.8671959613143
-5.115115115115115 3689.144892039955
-5.095095095095095 3669.844036921311
-5.075075075075075 3649.966861814056
-5.055055055055055 3629.5158469670337
-5.035035035035035 3608.493724447822
-5.015015015015015 3586.9034808363904
-4.994994994994995 3564.748359831343
-4.974974974974975 3542.0318647639447
-4.954954954954955 3518.7577610174667
-4.934934934934935 3494.930078347289
-4.914914914914915 3470.5531130989534
-4.894894894894895 3445.631430319496
-4.874874874874875 3420.169865759711
-4.854854854854855 3394.173527762521
-4.834834834834835 3367.647799034185
-4.814814814814815 3340.598338294974
-4.794794794794795 3313.031081805332
-4.774774774774775 3284.952244763709
-4.754754754754755 3256.368322572994
-4.734734734734735 3227.286091971062
-4.714714714714715 3197.7126120230264
-4.694694694694695 3167.655224970076
-4.674674674674675 3137.121556932716
-4.654654654654655 3106.119518463953
-4.634634634634635 3074.6573049494664
-4.614614614614615 3042.743396850813
-4.594594594594595 3010.3865597886925
-4.574574574574575 2977.5958444625644
-4.554554554554555 2944.3805864033575
-4.534534534534535 2910.750405556046
-4.514514514514515 2876.715205688566
-4.494494494494495 2842.285173624669
-4.474474474474475 2807.4707782962046
-4.454454454454455 2772.2827696136355
-4.434434434434435 2736.732177150083
-4.414414414414415 2700.830308636915
-4.394394394394395 2664.5887482682842
-4.374374374374375 2628.0193548111383
-4.354354354354355 2591.1342595183614
-4.334334334334335 2553.9458638432848
-4.314314314314315 2516.466836951819
-4.2942942942942945 2478.7101130306514
-4.2742742742742745 2440.6888883897605
-4.2542542542542545 2402.4166183558345
-4.2342342342342345 2363.9070139558708
-4.2142142142142145 2325.174038388559
-4.1941941941941945 2286.2319032818646
-4.1741741741741745 2247.0950647348945
-4.1541541541541545 2207.7782191432543
-4.134134134134134 2168.2962988060553
-4.114114114114114 2128.664467313487
-4.094094094094094 2088.8981147145955
-4.074074074074074 2049.012852463408
-4.054054054054054 2009.0245081433573
-4.034034034034034 1968.9491199698443
-4.014014014014014 1928.8029310696086
-3.9939939939939944 1888.6023835377237
-3.9739739739739743 1848.364112271902
-3.9539539539539543 1808.1049385837505
-3.9339339339339343 1767.8418635885885
-3.9139139139139143 1727.5920613735354
-3.8938938938938943 1687.3728719445403
-3.8738738738738743 1647.2017939540156
-3.8538538538538543 1607.0964772104617
-3.8338338338338342 1567.0747149694962
-3.8138138138138142 1527.154436011248
-3.7937937937937942 1487.3536965027934
-3.773773773773774 1447.690671649447
-3.753753753753754 1408.1836471369786
-3.733733733733734 1368.8510103665044
-3.713713713713714 1329.7112414858834
-3.693693693693694 1290.7829042196581
-3.673673673673674 1252.0846365008445
-3.653653653653654 1213.6351409089743
-3.633633633633634 1175.4531749164553
-3.613613613613614 1137.5575409485996
-3.593593593593594 1099.967076260441
-3.573573573573573 1062.700642635342
-3.553553553553553 1025.7771159096303
-3.533533533533533 989.2153753283594
-3.513513513513513 953.034292737328
-3.493493493493493 917.252721615998
-3.473473473473473 881.889485958274
-3.453453453453453 846.9633690054451
-3.433433433433433 812.4931018384852
-3.413413413413413 778.4973518353012
-3.393393393393393 744.9947110000913
-3.373373373373373 712.0036841708088
-3.353353353353353 679.5426771125145
-3.333333333333333 647.6299845036289
-3.313313313313313 616.2837778219257
-3.293293293293293 585.5220931393388
-3.273273273273273 555.3628188320198
-3.253253253253253 525.823683214706
-3.233233233233233 496.92224210766017
-3.213213213213213 468.6758663446396
-3.193193193193193 441.1017292304917
-3.173173173173173 414.216793957863
-3.153153153153153 388.03780099180324
-3.133133133133133 362.58125543182075
-3.113113113113113 337.8634143611308
-3.093093093093093 313.9002741925008
-3.073073073073073 290.70755802100183
-3.053053053053053 268.3007029935391
-3.033033033033033 246.69484770567408
-3.013013013013013 225.9048196357734
-2.992992992992993 205.94512262764664
-2.972972972972973 186.82992443187402
-2.952952952952953 168.57304431699535
-2.932932932932933 151.18794076131488
-2.9129129129129128 134.68769923674506
-2.8928928928928928 119.08502009543247
-2.8728728728728727 104.39220657092585
-2.8528528528528527 90.62115290487044
-2.8328328328328327 77.78333261095692
-2.8128128128128127 65.88978688761098
-2.7927927927927927 54.951113190687664
-2.7727727727727727 44.97745397827812
-2.7527527527527527 35.97848563889951
-2.7327327327327327 27.963407614892162
-2.7127127127127126 20.94093173262092
-2.6926926926926926 14.919271751186905
-2.6726726726726726 9.906133141395363
-2.6526526526526526 5.908703106382237
-2.6326326326326326 2.933640855674914
-2.6126126126126126 0.9870681441352979
-2.5925925925925926 0.07456008724362433
-2.5725725725725725 0.2011362641137843
-2.5525525525525525 1.3712521195070446
-2.5325325325325325 3.5887906760288653
-2.5125125125125125 6.857054567557724
-2.4924924924924925 11.17875840483466
-2.4724724724724725 16.556021483929925
-2.4524524524524525 22.99036084827594
-2.4324324324324325 30.482684714634956
-2.4124124124124124 39.033286273149606
-2.3923923923923924 48.64183787181789
-2.3723723723723724 59.30738559475864
-2.3523523523523524 71.02834424415569
-2.3323323323323324 83.8024927352557
-2.3123123123123124 97.62696991314458
-2.2922922922922924 112.49827080047058
-2.2722722722722724 128.41224328437602
-2.2522522522522523 145.36408525102777
-2.2322322322322323 163.34834217544793
-2.2122122122122123 182.35890517432645
-2.1921921921921923 202.38900952896432
-2.1721721721721723 223.43123368536615
-2.1521521521521523 245.4774987376697
-2.1321321321321323 268.5190684014224
-2.1121121121121122 292.5465494821549
-2.0920920920920922 317.5498928444001
-2.0720720720720722 343.51839488684396
-2.052052052052052 370.44069952702637
-2.032032032032032 398.30480070045115
-2.012012012012012 427.0980453773082
-1.9919919919919913 456.8071371000582
-1.9719719719719713 487.41814004465334
-1.9519519519519513 518.9164836072986
-1.9319319319319312 551.2869675187695
-1.9119119119119112 584.513767487181
-1.8918918918918912 618.5804413705711
-1.8718718718718712 653.4699358783813
-1.8518518518518512 689.1645938027476
-1.8318318318318312 725.6461617779853
-1.8118118118118112 762.8957985670888
-1.7917917917917912 800.8940838735009
-1.7717717717717711 839.6210276756154
-1.7517517517517511 879.056080081018
-1.7317317317317311 919.1781416969795
-1.711711711711711 959.9655745131098
-1.691691691691691 1001.3962132918653
-1.671671671671671 1043.4473774610406
-1.651651651651651 1086.0958835034805
-1.631631631631631 1129.3180578367994
-1.611611611611611 1173.0897501770673
-1.591591591591591 1217.386347378943
-1.571571571571571 1262.1827877433782
-1.551551551551551 1307.4535757866433
-1.531531531531531 1353.172797458923
-1.511511511511511 1399.3141358053163
-1.491491491491491 1445.8508870576045
-1.471471471471471 1492.7559771473989
-1.451451451451451 1540.0019786286737
-1.431431431431431 1587.5611279980735
-1.411411411411411 1635.405343402011
-1.391391391391391 1683.5062427165626
-1.3713713713713709 1731.8351619878108
-1.3513513513513509 1780.3631742185344
-1.3313313313313309 1829.0611084887637
-1.3113113113113108 1877.8995693928898
-1.2912912912912908 1926.8489567813128
-1.2712712712712708 1975.879485789466
-1.2512512512512508 2024.961207139068
-1.2312312312312308 2074.06402769537
-1.2112112112112108 2123.1577312636873
-1.1911911911911908 2172.2119996086208
-1.1711711711711708 2221.1964336783426
-1.1511511511511507 2270.080575016312
-1.1311311311311307 2318.833927342763
-1.1111111111111107 2367.425978287737
-1.0910910910910907 2415.82622125648
-1.0710710710710707 2464.0041774092083
-1.0510510510510507 2511.929417735819
-1.0310310310310307 2559.571585206172
-1.0110110110110107 2606.900416976788
-0.9909909909909906 2653.8857666337462
-0.9709709709709706 2700.4976264530237
-0.9509509509509506 2746.706149656457
-0.9309309309309306 2792.481672645448
-0.9109109109109106 2837.7947371904334
-0.8908908908908906 2882.6161125567683
-0.8708708708708706 2926.9168175461978
-0.8508508508508505 2970.6681424342464
-0.8308308308308305 3013.841670782098
-0.8108108108108105 3056.409301103778
-0.7907907907907905 3098.343268367193
-0.7707707707707705 3139.616165309587
-0.7507507507507505 3180.2009635472127
-0.7307307307307305 3220.071034458117
-0.7107107107107105 3259.200169819748
-0.6906906906906904 3297.5626021801013
-0.6706706706706704 3335.1330249436123
-0.6506506506506504 3371.88661215241
-0.6306306306306304 3407.799037943116
-0.6106106106106104 3442.8464956611883
-0.5905905905905904 3477.0057166130073
-0.5705705705705704 3510.2539884388043
-0.5505505505505504 3542.569173086756
-0.5305305305305303 3573.929724371881
-0.5105105105105103 3604.314705101607
-0.4904904904904903 3633.7038037513403
-0.4704704704704703 3662.0773506734163
-0.4504504504504503 3689.4163338232884
-0.4304304304304303 3715.702413987261
-0.41041041041041026 3740.9179394963803
-0.39039039039039025 3765.045960412194
-0.37037037037037024 3788.0702421693477
-0.3503503503503502 3809.975278662191
-0.3303303303303302 3830.7463047613282
-0.3103103103103102 3850.369308248204
-0.2902902902902902 3868.8310411550387
-0.2702702702702702 3886.119030499022
-0.25025025025025016 3902.221588399738
-0.23023023023023015 3917.1278215694447
-0.21021021021021014 3930.8276401666767
-0.19019019019019012 3943.3117660040116
-0.1701701701701701 3954.5717401018546
-0.1501501501501501 3964.599929580195
-0.13013013013013008 3973.389533881611
-0.11011011011011007 3980.9345903189137
-0.09009009009009006 3987.229978941861
-0.07007007007007005 3992.2714267180054
-0.05005005005005003 3996.05551102319
-0.03003003003003002 3998.579662438373
-0.010010010010010006 3999.842166849676
0.010010010010010006 3999.842166849676
0.03003003003003002 3998.579662438373
0.05005005005005003 3996.05551102319
0.07007007007007005 3992.2714267180054
0.09009009009009006 3987.229978941861
0.11011011011011007 3980.9345903189137
0.13013013013013008 3973.389533881611
0.1501501501501501 3964.599929580195
0.1701701701701701 3954.5717401018546
0.19019019019019012 3943.3117660040116
0.21021021021021014 3930.8276401666767
0.23023023023023015 3917.1278215694447
0.25025025025025016 3902.221588399738
0.2702702702702702 3886.119030499022
0.2902902902902902 3868.8310411550387
0.3103103103103102 3850.369308248204
0.3303303303303302 3830.7463047613282
0.3503503503503502 3809.975278662191
0.37037037037037024 3788.0702421693477
0.39039039039039025 3765.045960412194
0.41041041041041026 3740.9179394963803
0.4304304304304303 3715.702413987261
0.4504504504504503 3689.4163338232884
0.4704704704704703 3662.0773506734163
0.4904904904904903 3633.7038037513403
0.5105105105105103 3604.314705101607
0.5305305305305303 3573.929724371881
0.5505505505505504 3542.569173086756
0.5705705705705704 3510.2539884388043
0.5905905905905904 3477.0057166130073
0.6106106106106104 3442.8464956611883
0.6306306306306304 3407.799037943116
0.6506506506506504 3371.88661215241
0.6706706706706704 3335.1330249436123
0.6906906906906904 3297.5626021801013
0.7107107107107105 3259.200169819748
0.7307307307307305 3220.071034458117
0.7507507507507505 3180.2009635472127
0.7707707707707705 3139.616165309587
0.7907907907907905 3098.343268367193
0.8108108108108105 3056.409301103778
0.8308308308308305 3013.841670782098
0.8508508508508505 2970.6681424342464
0.8708708708708706 2926.9168175461978
0.8908908908908906 2882.6161125567683
0.9109109109109106 2837.7947371904334
0.9309309309309306 2792.481672645448
0.9509509509509506 2746.706149656457
0.9709709709709706 2700.4976264530237
0.9909909909909906 2653.8857666337462
1.0110110110110107 2606.900416976788
1.0310310310310307 2559.571585206172
1.0510510510510507 2511.929417735819
1.0710710710710707 2464.0041774092083
1.0910910910910907 2415.82622125648
1.1111111111111107 2367.425978287737
1.1311311311311307 2318.833927342763
1.1511511511511507 2270.080575016312
1.1711711711711708 2221.1964336783426
1.1911911911911908 2172.2119996086208
1.2112112112112108 2123.1577312636873
1.2312312312312308 2074.06402769537
1.2512512512512508 2024.961207139068
1.2712712712712708 1975.879485789466
1.2912912912912908 1926.8489567813128
1.3113113113113108 1877.8995693928898
1.3313313313313309 1829.0611084887637
1.3513513513513509 1780.3631742185344
1.3713713713713709 1731.8351619878108
1.391391391391391 1683.5062427165626
1.411411411411411 1635.405343402011
1.431431431431431 1587.5611279980735
1.451451451451451 1540.0019786286737
1.471471471471471 1492.7559771473989
1.491491491491491 1445.8508870576045
1.511511511511511 1399.3141358053163
1.531531531531531 1353.172797458923
1.551551551551551 1307.4535757866433
1.571571571571571 1262.1827877433782
1.591591591591591 1217.386347378943
1.611611611611611 1173.0897501770673
1.631631631631631 1129.3180578367994
1.651651651651651 1086.0958835034805
1.671671671671671 1043.4473774610406
1.691691691691691 1001.3962132918653
1.711711711711711 959.9655745131098
1.7317317317317311 919.1781416969795
1.7517517517517511 879.056080081018
1.7717717717717711 839.6210276756154
1.7917917917917912 800.8940838735009
1.8118118118118112 762.8957985670888
1.8318318318318312 725.6461617779853
1.8518518518518512 689.1645938027476
1.8718718718718712 653.4699358783813
1.8918918918918912 618.5804413705711
1.9119119119119112 584.513767487181
1.9319319319319312 551.2869675187695
1.9519519519519513 518.9164836072986
1.9719719719719713 487.41814004465334
1.9919919919919913 456.8071371000582
2.0120120120120113 427.0980453773082
2.0320320320320313 398.30480070045115
2.0520520520520513 370.44069952702637
2.0720720720720713 343.51839488684396
2.0920920920920913 317.5498928443761
2.1121121121121114 292.5465494821549
2.1321321321321314 268.5190684014446
2.1521521521521514 245.4774987376697
2.1721721721721714 223.43123368536615
2.1921921921921914 202.38900952898382
2.2122122122122114 182.35890517432645
2.2322322322322314 163.34834217544793
2.2522522522522515 145.36408525104477
2.2722722722722715 128.41224328437602
2.2922922922922915 112.49827080047058
2.3123123123123115 97.62696991314458
2.3323323323323315 83.8024927352557
2.3523523523523515 71.02834424416744
2.3723723723723715 59.307385594747906
2.3923923923923915 48.64183787181789
2.4124124124124116 39.033286273149606
2.4324324324324316 30.482684714634956
2.4524524524524516 22.99036084827594
2.4724724724724716 16.556021483929925
2.4924924924924916 11.178758404829972
2.5125125125125116 6.857054567557724
2.5325325325325316 3.5887906760261528
2.5525525525525516 1.3712521195070446
2.5725725725725717 0.2011362641137843
2.5925925925925917 0.07456008724362433
2.6126126126126117 0.9870681441352979
2.6326326326326317 2.933640855674914
2.6526526526526517 5.908703106382237
2.6726726726726717 9.906133141399776
2.6926926926926917 14.919271751186905
2.7127127127127117 20.94093173262092
2.7327327327327318 27.963407614892162
2.7527527527527518 35.97848563889951
2.772772772772772 44.97745397826875
2.792792792792792 54.951113190687664
2.812812812812812 65.88978688761098
2.8328328328328336 77.78333261095692
2.8528528528528536 90.62115290487044
2.8728728728728736 104.39220657091138
2.8928928928928936 119.08502009543247
2.9129129129129137 134.68769923674506
2.9329329329329337 151.18794076129788
2.9529529529529537 168.57304431699535
2.9729729729729737 186.82992443187402
2.9929929929929937 205.94512262766665
3.0130130130130137 225.9048196357734
3.0330330330330337 246.69484770567408
3.0530530530530537 268.3007029935613
3.0730730730730738 290.70755802100183
3.0930930930930938 313.9002741924769
3.113113113113114 337.8634143611308
3.133133133133134 362.58125543182075
3.153153153153154 388.03780099180324
3.173173173173174 414.216793957863
3.193193193193194 441.1017292304917
3.213213213213214 468.6758663446396
3.233233233233234 496.92224210766017
3.253253253253254 525.823683214706
3.273273273273274 555.3628188320198
3.293293293293294 585.5220931393388
3.313313313313314 616.2837778218931
3.333333333333334 647.6299845035961
3.353353353353354 679.5426771125145
3.373373373373374 712.0036841708088
3.393393393393394 744.9947110000913
3.413413413413414 778.4973518353379
3.433433433433434 812.4931018384495
3.453453453453454 846.9633690054451
3.473473473473474 881.889485958274
3.493493493493494 917.2527216159591
3.513513513513514 953.034292737328
3.533533533533534 989.2153753283594
3.553553553553554 1025.7771159096303
3.573573573573574 1062.7006426353014
3.593593593593594 1099.967076260441
3.613613613613614 1137.5575409485996
3.633633633633634 1175.4531749164553
3.653653653653654 1213.6351409089743
3.673673673673674 1252.0846365008445
3.693693693693694 1290.7829042196581
3.713713713713714 1329.7112414858834
3.733733733733734 1368.8510103665044
3.753753753753754 1408.1836471369786
3.773773773773774 1447.690671649447
3.7937937937937942 1487.3536965027934
3.8138138138138142 1527.154436011248
3.8338338338338342 1567.0747149694962
3.8538538538538543 1607.0964772104617
3.8738738738738743 1647.2017939540156
3.8938938938938943 1687.3728719445403
3.9139139139139143 1727.5920613735354
3.9339339339339343 1767.8418635885885
3.9539539539539543 1808.1049385837505
3.9739739739739743 1848.364112271902
3.9939939939939944 1888.6023835377237
4.014014014014014 1928.8029310696086
4.034034034034034 1968.9491199698443
4.054054054054054 2009.0245081433573
4.074074074074074 2049.012852463408
4.094094094094094 2088.8981147145955
4.114114114114114 2128.664467313487
4.134134134134134 2168.2962988060553
4.1541541541541545 2207.7782191432543
4.1741741741741745 2247.0950647348945
4.1941941941941945 2286.2319032818646
4.2142142142142145 2325.174038388559
4.2342342342342345 2363.9070139558708
4.2542542542542545 2402.4166183558345
4.2742742742742745 2440.6888883897605
4.2942942942942945 2478.7101130306514
4.314314314314315 2516.466836951819
4.334334334334335 2553.9458638432848
4.354354354354355 2591.1342595183614
4.374374374374375 2628.0193548111383
4.394394394394395 2664.5887482682842
4.414414414414415 2700.830308636915
4.434434434434435 2736.732177150083
4.454454454454455 2772.2827696136355
4.474474474474475 2807.4707782962046
4.494494494494495 2842.285173624669
4.514514514514515 2876.715205688566
4.534534534534535 2910.750405556046
4.554554554554555 2944.3805864033575
4.574574574574575 2977.5958444625644
4.594594594594595 3010.3865597886925
4.614614614614615 3042.743396850813
4.634634634634635 3074.6573049494664
4.654654654654655 3106.119518463953
4.674674674674675 3137.121556932716
4.694694694694695 3167.655224970076
4.714714714714715 3197.7126120230264
4.734734734734735 3227.286091971062
4.754754754754755 3256.368322572994
4.774774774774775 3284.952244763709
4.794794794794795 3313.031081805332
4.814814814814815 3340.598338294974
4.834834834834835 3367.647799034185
4.854854854854855 3394.173527762521
4.874874874874875 3420.169865759711
4.894894894894895 3445.631430319496
4.914914914914915 3470.5531130989534
4.934934934934935 3494.930078347289
4.954954954954955 3518.7577610174667
4.974974974974975 3542.0318647639447
4.994994994994995 3564.748359831343
5.015015015015015 3586.9034808363904
5.035035035035035 3608.493724447822
5.055055055055055 3629.5158469670337
5.075075075075075 3649.966861814056
5.095095095095095 3669.844036921311
5.115115115115115 3689.144892039955
5.135135135135135 3707.8671959613143
5.155155155155155 3726.008963657868
5.175175175175175 3743.5684533462245
5.195195195195195 3760.5441634770254
5.215215215215215 3776.9348296535845
5.235235235235235 3792.7394214841506
5.255255255255255 3807.9571393701717
5.275275275275275 3822.5874112344654
5.295295295295295 3836.629889192243
5.315315315315315 3850.0844461687198
5.335335335335335 3862.951172466041
5.355355355355355 3875.2303722829506
5.375375375375375 3886.922560190488
5.395395395395395 3898.0284575665123
5.415415415415415 3908.5489889922887
5.435435435435435 3918.4852786140927
5.455455455455455 3927.8386464728887
5.475475475475475 3936.6106048045813
5.495495495495495 3944.802854314442
5.515515515515515 3952.4172804276855
5.535535535535535 3959.455949519471
5.555555555555555 3965.921105126846
5.575575575575575 3971.8151641453255
5.595595595595595 3977.1407130125262
5.615615615615615 3981.9005038816563
5.635635635635635 3986.097450787071
5.655655655655655 3989.7346258044645
5.675675675675675 3992.8152552079823
5.6956956956956954 3995.342715626591
5.7157157157157155 3997.320530201938
5.7357357357357355 3998.7523647498538
5.7557557557557555 3999.642023927684
5.7757757757757755 3999.9934474094803
5.7957957957957955 3999.810706071054
5.8158158158158155 3999.0979981868886
5.8358358358358355 3997.859645640776
5.8558558558558556 3996.100090152011
5.875875875875876 3993.823889518975
5.895895895895896 3991.035713881782
5.915915915915916 3987.740342005674
5.935935935935936 3983.942657586783
5.955955955955956 3979.6476455818474
5.975975975975976 3974.860388563305
5.995995995995996 3969.586063101341
6.016016016016017 3963.8299361740765
6.0360360360360374 3957.5973616075044
6.0560560560560575 3950.8937765462706
6.0760760760760775 3943.7246979564834
6.0960960960960975 3936.095719162021
6.1161161161161175 3928.0125064150516
6.1361361361361375 3919.4807955022857
6.1561561561561575 3910.506388387614
6.1761761761761775 3901.095149892276
6.1961961961961975 3891.2530044136224
6.216216216216218 3880.985932682873
6.236236236236238 3870.2999685635104
6.256256256256258 3859.2011958901567
6.276276276276278 3847.6957453493815
6.296296296296298 3835.789791402822
6.316316316316318 3823.4895492534097
6.336336336336338 3810.801271854955
6.356356356356358 3797.7312469663007
6.376376376376378 3784.2857942500727
6.396396396396398 3770.471262416178
6.416416416416418 3756.2940264117856
6.436436436436438 3741.760484656619
6.456456456456458 3726.8770563248377
6.476476476476478 3711.6501786738413
6.496496496496498 3696.08630441985
6.516516516516518 3680.191899160882
6.536536536536538 3663.973438846979
6.556556556556558 3647.4374072983323
6.576576576576578 3630.5902937712112
6.596596596596598 3613.438590571396
6.616616616616618 3595.988790716231
6.636636636636638 3578.247385644153
6.656656656656658 3560.22086297262
6.676676676676678 3541.9157043040736
6.696696696696698 3523.3383830797634
6.716716716716718 3504.4953624815453
6.736736736736738 3485.393093381929
6.756756756756758 3466.038012341342
6.776776776776778 3446.4365396533813
6.796796796796798 3426.5950774372695
6.816816816816818 3406.5200077778873
6.836836836836838 3386.2176909126374
6.856856856856858 3365.694463464957
6.876876876876878 3344.9566367250877
6.896896896896898 3324.010494976253
6.916916916916918 3302.862293867457
6.936936936936938 3281.5182588318003
6.956956956956958 3259.9845835501887
6.976976976976978 3238.267428459889
6.996996996996998 3216.3729193082154
7.017017017017018 3194.307145749846
7.037037037037038 3172.0761599886123
7.057057057057058 3149.6859754623965
7.077077077077078 3127.142565571394
7.097097097097098 3104.451862448712
7.117117117117118 3081.619755773408
7.137137137137138 3058.6520916250206
7.157157157157158 3035.5546713797853
7.177177177177178 3012.3332506469956
7.197197197197198 2988.9935382463377
7.217217217217218 2965.5411952244813
7.237237237237238 2941.9818339114304
7.257257257257258 2918.3210170152884
7.277277277277278 2894.564256755529
7.297297297297298 2870.7170140339153
7.317317317317318 2846.784697642442
7.337337337337338 2822.7726635085146
7.357357357357358 2798.68621397555
7.377377377377378 2774.530597119669
7.397397397397398 2750.3110061010775
7.417417417417418 2726.0325785502255
7.437437437437438 2701.7003959876974
7.457457457457458 2677.3194832770714
7.477477477477478 2652.8948081116496
7.497497497497498 2628.431280531941
7.517517517517518 2603.9337524760685
7.537537537537538 2579.407017360429
7.557557557557558 2554.8558096913234
7.577577577577578 2530.2848047061007
7.5975975975975985 2505.6986180440385
7.6176176176176185 2481.101805445881
7.6376376376376385 2456.4988624814287
7.6576576576576585 2431.8942243049037
7.6776776776776785 2407.292265437677
7.6976976976976985 2382.6972995768506
7.7177177177177185 2358.1135794303136
7.7377377377377385 2333.5452965771115
7.7577577577577586 2308.996581352329
7.777777777777779 2284.4715027565994
7.797797797797799 2259.974068389332
7.817817817817819 2235.5082244044297
7.837837837837839 2211.0778554896638
7.857857857857859 2186.6867848672005
7.877877877877879 2162.338774316309
7.897897897897899 2138.0375242163714
7.917917917917919 2113.786673611171
7.937937937937939 2089.5898002922936
7.957957957957959 2065.4504209024362
7.977977977977979 2041.3719910576401
7.997997997997999 2017.3579054873255
8.018018018018019 1993.4114981928935
8.038038038038039 1969.5360426230686
8.058058058058059 1945.734751866681
8.078078078078079 1922.0107788612343
8.098098098098099 1898.367216617884
8.118118118118119 1874.8070984611077
8.138138138138139 1851.3333982842214
8.158158158158159 1827.9490308184668
8.178178178178179 1804.6568519166894
8.198198198198199 1781.4596588500285
8.218218218218219 1758.3601906183724
8.238238238238239 1735.3611282725317
8.258258258258259 1712.4650952493237
8.278278278278279 1689.674657718093
8.298298298298299 1666.992324938874
8.318318318318319 1644.420549630643
8.338338338338339 1621.9617283512532
8.358358358358359 1599.618201886247
8.378378378378379 1577.3922556483635
8.398398398398399 1555.2861200855557
8.418418418418419 1533.3019710984547
8.438438438438439 1511.4419304658463
8.458458458458459 1489.7080662789017
8.478478478478479 1468.1023933824533
8.498498498498499 1446.626873824486
8.518518518518519 1425.2834173117167
8.538538538538539 1404.0738816729674
8.558558558558559 1383.0000733278628
8.578578578578579 1362.0637477623789
8.598598598598599 1341.2666100094389
8.618618618618619 1320.61031513546
8.63863863863864 1300.0964687315302
8.65865865865866 1279.7266274094338
8.67867867867868 1259.5022993022308
8.6986986986987 1239.4249445688934
8.71871871871872 1219.4959759027702
8.73873873873874 1199.716759043757
8.75875875875876 1180.0886132936048
8.77877877877878 1160.612812034116
8.7987987987988 1141.2905832486924
8.81881881881882 1122.1231100455761
8.83883883883884 1103.1115311839096
8.85885885885886 1084.2569416015647
8.87887887887888 1065.5603929447993
8.8988988988989 1047.0228940990628
8.91891891891892 1028.6454117218047
8.93893893893894 1010.4288707758684
8.95895895895896 992.3741550634863
8.97897897897898 974.4821077614729
8.998998998999 956.7535319564103
9.01901901901902 939.1891911805047
9.03903903903904 921.7898099467872
9.05905905905906 904.5560742846334
9.07907907907908 887.4886322750936
9.0990990990991 870.5880945848633
9.11911911911912 853.8550350007625
9.13913913913914 837.289990962089
9.15915915915916 820.8934640927498
9.17917917917918 804.6659207318172
9.1991991991992 788.6077924630965
9.21921921921922 772.719476642593
9.23923923923924 757.0013369247921
9.25925925925926 741.4537037870167
9.27927927927928 726.0768750517059
9.2992992992993 710.8711164069492
9.31931931931932 695.8366619244513
9.33933933933934 680.9737145753496
9.35935935935936 666.2824467436939
9.37937937937938 651.7630007372027
9.3993993993994 637.4154892955182
9.41941941941942 623.2399960954307
9.43943943943944 609.2365762536466
9.45945945945946 595.4052568260993
9.47947947947948 581.746037304696
9.4994994994995 568.258890110451
9.51951951951952 554.9437610838072
9.53953953953954 541.8005699711742
9.55955955955956 528.8292109085774
9.57957957957958 516.0295529014073
9.5995995995996 503.40144030079495
9.61961961961962 490.9446932763634
9.63963963963964 478.65910828535294
9.65965965965966 466.54445853785273
9.67967967967968 454.600494458262
9.6996996996997 442.8269441430328
9.71971971971972 431.2235138144817
9.73973973973974 419.7898882702326
9.75975975975976 408.52573132917144
9.77977977977978 397.4306862731988
9.7997997997998 386.50437628468825
9.81981981981982 375.746404879922
9.83983983983984 365.15635633842925
9.85985985985986 354.7337961280574
9.87987987987988 344.4782713257224
9.8998998998999 334.3893110340227
9.91991991991992 324.4664267934516
9.93993993993994 314.7091129903152
9.95995995995996 305.1168472604927
9.97997997997998 295.68909088838876
10.0 286.42528920206894
